0.387428260761
8.28555730678
7.1465596138
6.60856899268
2.08060904293
6.19981716666
7.07631732336
9.53066841926
3.571153598
6.14633570376
8.83923866687
7.85840419105
8.48677993293
7.08967681088
5.09493841832
0.865340438155
8.9280555628
8.92203894466
0.898611759747
4.05886024324
8.57787908589
0.7305975469
3.27326381783
0.219642899598
1.13479053453
9.18135752461
3.25605868455
5.16586746975
7.6790561827
9.13190318951
5.4936157451
3.98170371943
4.43917631734
5.89093402353
5.33113015697
0.372016402987
5.74925112115
0.996676658933
3.99170783765
4.37457390276
3.42968578499
2.75708515667
3.60806361097
3.92260392719
9.09916647914
1.68424477117
1.18490439575
5.29029683055
4.01713444813
1.98455342764
1.95498342852
2.34161395055
8.80950884679
2.03658286845
7.55581447776
8.0794547181
3.10903493909
9.94620024077
4.55024345464
6.48166474219
8.23046245712
2.23144506819
7.43538635372
5.60479275897
2.27372867919
6.03970299642
1.66250898191
4.29916794263
2.16021677466
6.39006091257
9.8216668899
8.11317138217
7.06276472642
1.34491106505
1.9544751194
0.537555118078
3.42789010031
7.26255849018
7.11597643791
3.66595235552
3.70249499623
1.54773285037
1.14946499954
1.37385113885
6.26478468346
1.31031132409
9.72768876505
3.60434820834
1.75980503773
0.561480850659
7.72075565233
9.73354870421
0.951962536089
7.59665753939
5.53066849935
6.96529489596
8.36226941655
2.39711089616
0.686854622943
2.32874094156
