16.4771898266
33.026438139
37.9667620984
13.9365456111
15.3896264488
14.8115609589
28.1489505353
33.5178953003
8.47330048991
10.4874718807
27.1933118657
28.859827187
28.607249482
27.2968402164
17.9461976511
14.0805598776
21.6549507874
28.8711934532
13.2671457532
15.5375191446
32.0334046789
6.83007332515
7.803363856
0.46354870773
2.62601746981
29.8111429308
5.93866434594
16.1413124196
28.5355777726
29.4263148408
3.72731274359
5.324424478
21.5606749398
36.8249471804
33.1445961659
16.1871346494
18.375386667
-1.6491813118
6.14500072906
15.5932607986
4.91482239526
11.3430380548
9.04020438629
9.58522126514
24.5819940989
3.65289203277
4.96347464502
24.0145443247
14.4810019007
5.30788093813
13.9577172448
16.4375232618
25.3170275327
14.21755048
19.8594078991
28.1885417057
15.1858185227
30.9865101558
30.3749307986
26.4596682508
35.6419260192
13.1780372021
16.4497610786
16.2370008417
9.14813245461
25.44571529
11.771320158
5.53614361404
9.29424096326
19.3929876618
36.6508080294
27.3700233843
27.4713792535
16.1623958354
4.39214383162
15.8100492196
8.34212329084
30.8472133681
21.4550758758
9.53717340628
22.4265631053
-2.27258696563
10.2413858793
6.26782045929
19.5282299573
14.5078333779
26.5780315752
12.9829256938
3.79949257552
6.14793062663
28.3195944177
28.0765566101
8.10611044884
19.5603971567
23.8402774298
18.7581865186
19.7023124634
8.72498368248
4.42655169156
12.1789812551
